Vodka Soda
0
1
1.5 0.0 0.0 0.0 0.0 0.0 0.0 6.0
Finish with lime or lemon.
Unused
1
0
0.0 0.0 0.0 0.0 0.0 0.0 0.0 0.0

Unused
2
0
0.0 0.0 0.0 0.0 0.0 0.0 0.0 0.0

Unused
3
0
0.0 0.0 0.0 0.0 0.0 0.0 0.0 0.0

Unused
4
0
0.0 0.0 0.0 0.0 0.0 0.0 0.0 0.0

Unused
5
0
0.0 0.0 0.0 0.0 0.0 0.0 0.0 0.0

Unused
6
0
0.0 0.0 0.0 0.0 0.0 0.0 0.0 0.0

Unused
7
0
0.0 0.0 0.0 0.0 0.0 0.0 0.0 0.0

Unused
8
0
0.0 0.0 0.0 0.0 0.0 0.0 0.0 0.0

Unused
9
0
0.0 0.0 0.0 0.0 0.0 0.0 0.0 0.0

Unused
10
0
0.0 0.0 0.0 0.0 0.0 0.0 0.0 0.0

Unused
11
0
0.0 0.0 0.0 0.0 0.0 0.0 0.0 0.0

@